freq
7.292968750000000000e+08
7.289062500000000000e+08
7.285156250000000000e+08
7.277343750000000000e+08
7.269531250000000000e+08
7.265625000000000000e+08
7.261718750000000000e+08
7.257812500000000000e+08
7.253906250000000000e+08
7.250000000000000000e+08
7.246093750000000000e+08
7.242187500000000000e+08
7.238281250000000000e+08
7.234375000000000000e+08
7.230468750000000000e+08
7.226562500000000000e+08
7.222656250000000000e+08
7.218750000000000000e+08
7.214843750000000000e+08
7.210937500000000000e+08
7.207031250000000000e+08
7.203125000000000000e+08
7.195312500000000000e+08
7.191406250000000000e+08
7.187500000000000000e+08
7.183593750000000000e+08
7.179687500000000000e+08
7.175781250000000000e+08
7.171875000000000000e+08
7.167968750000000000e+08
7.164062500000000000e+08
7.160156250000000000e+08
7.156250000000000000e+08
7.152343750000000000e+08
7.148437500000000000e+08
7.144531250000000000e+08
7.140625000000000000e+08
7.136718750000000000e+08
7.132812500000000000e+08
7.125000000000000000e+08
7.121093750000000000e+08
7.117187500000000000e+08
7.113281250000000000e+08
7.109375000000000000e+08
7.105468750000000000e+08
7.101562500000000000e+08
7.097656250000000000e+08
7.093750000000000000e+08
7.089843750000000000e+08
7.085937500000000000e+08
7.082031250000000000e+08
7.078125000000000000e+08
7.074218750000000000e+08
7.070312500000000000e+08
7.066406250000000000e+08
7.062500000000000000e+08
7.058593750000000000e+08
7.054687500000000000e+08
7.050781250000000000e+08
7.046875000000000000e+08
7.042968750000000000e+08
7.039062500000000000e+08
7.027343750000000000e+08
7.023437500000000000e+08
7.019531250000000000e+08
7.015625000000000000e+08
7.011718750000000000e+08
7.007812500000000000e+08
6.996093750000000000e+08
6.988281250000000000e+08
6.984375000000000000e+08
6.980468750000000000e+08
6.917968750000000000e+08
6.914062500000000000e+08
6.910156250000000000e+08
6.906250000000000000e+08
6.902343750000000000e+08
6.898437500000000000e+08
6.894531250000000000e+08
6.890625000000000000e+08
6.886718750000000000e+08
6.882812500000000000e+08
6.878906250000000000e+08
6.875000000000000000e+08
6.871093750000000000e+08
6.867187500000000000e+08
6.863281250000000000e+08
6.859375000000000000e+08
6.855468750000000000e+08
6.851562500000000000e+08
6.843750000000000000e+08
6.839843750000000000e+08
6.835937500000000000e+08
6.832031250000000000e+08
6.828125000000000000e+08
6.824218750000000000e+08
6.820312500000000000e+08
6.816406250000000000e+08
6.812500000000000000e+08
6.808593750000000000e+08
6.804687500000000000e+08
6.800781250000000000e+08
6.792968750000000000e+08
6.789062500000000000e+08
6.785156250000000000e+08
6.781250000000000000e+08
6.777343750000000000e+08
6.773437500000000000e+08
6.769531250000000000e+08
6.765625000000000000e+08
6.761718750000000000e+08
6.757812500000000000e+08
6.746093750000000000e+08
6.742187500000000000e+08
6.738281250000000000e+08
6.734375000000000000e+08
6.730468750000000000e+08
6.726562500000000000e+08
6.714843750000000000e+08
6.710937500000000000e+08
6.707031250000000000e+08
6.703125000000000000e+08
6.699218750000000000e+08
6.695312500000000000e+08
6.691406250000000000e+08
6.687500000000000000e+08
6.675781250000000000e+08
6.671875000000000000e+08
6.667968750000000000e+08
6.664062500000000000e+08
6.660156250000000000e+08
6.656250000000000000e+08
6.652343750000000000e+08
6.648437500000000000e+08
6.644531250000000000e+08
6.640625000000000000e+08
6.636718750000000000e+08
6.632812500000000000e+08
6.628906250000000000e+08
6.625000000000000000e+08
6.621093750000000000e+08
6.617187500000000000e+08
6.613281250000000000e+08
6.609375000000000000e+08
6.605468750000000000e+08
6.601562500000000000e+08
6.597656250000000000e+08
6.593750000000000000e+08
6.589843750000000000e+08
6.585937500000000000e+08
6.582031250000000000e+08
6.578125000000000000e+08
6.574218750000000000e+08
6.570312500000000000e+08
6.566406250000000000e+08
6.562500000000000000e+08
6.558593750000000000e+08
6.539062500000000000e+08
6.535156250000000000e+08
6.531250000000000000e+08
6.527343750000000000e+08
6.523437500000000000e+08
6.519531250000000000e+08
6.515625000000000000e+08
6.511718750000000000e+08
6.507812500000000000e+08
6.496093750000000000e+08
6.492187500000000000e+08
6.488281250000000000e+08
6.484375000000000000e+08
6.480468750000000000e+08
6.476562500000000000e+08
6.472656250000000000e+08
6.468750000000000000e+08
6.460937500000000000e+08
6.457031250000000000e+08
6.453125000000000000e+08
6.449218750000000000e+08
6.445312500000000000e+08
6.441406250000000000e+08
6.437500000000000000e+08
6.433593750000000000e+08
6.425781250000000000e+08
6.421875000000000000e+08
6.417968750000000000e+08
6.414062500000000000e+08
6.410156250000000000e+08
6.406250000000000000e+08
6.402343750000000000e+08
6.398437500000000000e+08
6.394531250000000000e+08
6.390625000000000000e+08
6.386718750000000000e+08
6.382812500000000000e+08
6.378906250000000000e+08
6.375000000000000000e+08
6.371093750000000000e+08
6.367187500000000000e+08
6.363281250000000000e+08
6.359375000000000000e+08
6.355468750000000000e+08
6.351562500000000000e+08
6.347656250000000000e+08
6.343750000000000000e+08
6.339843750000000000e+08
6.335937500000000000e+08
6.332031250000000000e+08
6.328125000000000000e+08
6.324218750000000000e+08
6.320312500000000000e+08
6.316406250000000000e+08
6.312500000000000000e+08
6.308593750000000000e+08
6.304687500000000000e+08
6.300781250000000000e+08
6.296875000000000000e+08
6.292968750000000000e+08
6.289062500000000000e+08
6.285156250000000000e+08
6.281250000000000000e+08
6.277343750000000000e+08
6.269531250000000000e+08
6.265625000000000000e+08
6.261718750000000000e+08
6.257812500000000000e+08
6.253906250000000000e+08
6.250000000000000000e+08
6.246093750000000000e+08
6.242187500000000000e+08
6.238281250000000000e+08
6.234375000000000000e+08
6.230468750000000000e+08
6.226562500000000000e+08
6.222656250000000000e+08
6.218750000000000000e+08
6.214843750000000000e+08
6.210937500000000000e+08
6.207031250000000000e+08
6.203125000000000000e+08
6.195312500000000000e+08
6.191406250000000000e+08
6.187500000000000000e+08
6.183593750000000000e+08
6.179687500000000000e+08
6.175781250000000000e+08
6.171875000000000000e+08
6.167968750000000000e+08
6.164062500000000000e+08
6.160156250000000000e+08
6.156250000000000000e+08
6.152343750000000000e+08
6.148437500000000000e+08
6.144531250000000000e+08
6.140625000000000000e+08
6.136718750000000000e+08
6.132812500000000000e+08
6.125000000000000000e+08
6.121093750000000000e+08
6.117187500000000000e+08
6.113281250000000000e+08
6.109375000000000000e+08
6.105468750000000000e+08
6.101562500000000000e+08
6.097656250000000000e+08
6.093750000000000000e+08
6.089843750000000000e+08
6.085937500000000000e+08
6.082031250000000000e+08
6.078125000000000000e+08
6.074218750000000000e+08
6.070312500000000000e+08
6.066406250000000000e+08
6.062500000000000000e+08
6.058593750000000000e+08
6.054687500000000000e+08
6.050781250000000000e+08
6.046875000000000000e+08
6.042968750000000000e+08
6.039062500000000000e+08
6.027343750000000000e+08
6.023437500000000000e+08
6.019531250000000000e+08
6.015625000000000000e+08
6.011718750000000000e+08
6.007812500000000000e+08
5.996093750000000000e+08
5.988281250000000000e+08
5.984375000000000000e+08
5.980468750000000000e+08
5.976562500000000000e+08
5.972656250000000000e+08
5.968750000000000000e+08
5.964843750000000000e+08
5.960937500000000000e+08
5.957031250000000000e+08
5.953125000000000000e+08
5.949218750000000000e+08
5.945312500000000000e+08
5.941406250000000000e+08
5.937500000000000000e+08
5.933593750000000000e+08
5.929687500000000000e+08
5.925781250000000000e+08
5.921875000000000000e+08
5.917968750000000000e+08
5.914062500000000000e+08
5.910156250000000000e+08
5.906250000000000000e+08
5.902343750000000000e+08
5.898437500000000000e+08
5.894531250000000000e+08
5.890625000000000000e+08
5.886718750000000000e+08
5.882812500000000000e+08
5.878906250000000000e+08
5.875000000000000000e+08
5.871093750000000000e+08
5.867187500000000000e+08
5.863281250000000000e+08
5.859375000000000000e+08
5.855468750000000000e+08
5.644531250000000000e+08
5.640625000000000000e+08
5.636718750000000000e+08
5.632812500000000000e+08
5.628906250000000000e+08
5.625000000000000000e+08
5.621093750000000000e+08
5.617187500000000000e+08
5.613281250000000000e+08
5.609375000000000000e+08
5.601562500000000000e+08
5.597656250000000000e+08
5.593750000000000000e+08
5.589843750000000000e+08
5.585937500000000000e+08
5.582031250000000000e+08
5.578125000000000000e+08
5.574218750000000000e+08
5.566406250000000000e+08
5.562500000000000000e+08
5.558593750000000000e+08
5.410156250000000000e+08
5.406250000000000000e+08
5.402343750000000000e+08
5.398437500000000000e+08
5.394531250000000000e+08
5.390625000000000000e+08
5.386718750000000000e+08
5.382812500000000000e+08
5.378906250000000000e+08
5.375000000000000000e+08
5.371093750000000000e+08
5.367187500000000000e+08
5.285156250000000000e+08
5.277343750000000000e+08
5.269531250000000000e+08
5.265625000000000000e+08
5.261718750000000000e+08
5.257812500000000000e+08
5.253906250000000000e+08
5.250000000000000000e+08
5.246093750000000000e+08
5.136718750000000000e+08
5.132812500000000000e+08
5.125000000000000000e+08
5.121093750000000000e+08
5.117187500000000000e+08
5.113281250000000000e+08
5.109375000000000000e+08
5.105468750000000000e+08
5.101562500000000000e+08
5.097656250000000000e+08
5.093750000000000000e+08
5.089843750000000000e+08
5.085937500000000000e+08
5.082031250000000000e+08
4.816406250000000000e+08
4.812500000000000000e+08
4.808593750000000000e+08
4.804687500000000000e+08
4.800781250000000000e+08
4.792968750000000000e+08
4.789062500000000000e+08
4.785156250000000000e+08
4.781250000000000000e+08
4.777343750000000000e+08
4.773437500000000000e+08
4.769531250000000000e+08
4.765625000000000000e+08
4.761718750000000000e+08
4.757812500000000000e+08
4.746093750000000000e+08
4.742187500000000000e+08
4.738281250000000000e+08
4.718750000000000000e+08
4.714843750000000000e+08
4.710937500000000000e+08
4.703125000000000000e+08
4.699218750000000000e+08
4.691406250000000000e+08
4.675781250000000000e+08
4.671875000000000000e+08
4.667968750000000000e+08
4.664062500000000000e+08
4.660156250000000000e+08
4.656250000000000000e+08
4.652343750000000000e+08
4.644531250000000000e+08
4.640625000000000000e+08
4.636718750000000000e+08
4.632812500000000000e+08
4.628906250000000000e+08
4.625000000000000000e+08
4.621093750000000000e+08
4.617187500000000000e+08
4.613281250000000000e+08
4.609375000000000000e+08
4.601562500000000000e+08
4.597656250000000000e+08
4.574218750000000000e+08
4.566406250000000000e+08
4.562500000000000000e+08
4.539062500000000000e+08
4.531250000000000000e+08
4.527343750000000000e+08
4.523437500000000000e+08
4.519531250000000000e+08
4.480468750000000000e+08
4.457031250000000000e+08
4.453125000000000000e+08
4.449218750000000000e+08
4.441406250000000000e+08
4.437500000000000000e+08
4.433593750000000000e+08
4.425781250000000000e+08
4.421875000000000000e+08
4.417968750000000000e+08
4.414062500000000000e+08
4.410156250000000000e+08
4.406250000000000000e+08
4.402343750000000000e+08
4.398437500000000000e+08
4.394531250000000000e+08
4.390625000000000000e+08
4.386718750000000000e+08
4.382812500000000000e+08
4.378906250000000000e+08
4.375000000000000000e+08
4.371093750000000000e+08
4.367187500000000000e+08
4.363281250000000000e+08
4.359375000000000000e+08
4.355468750000000000e+08
4.351562500000000000e+08
4.347656250000000000e+08
4.343750000000000000e+08
4.335937500000000000e+08
4.332031250000000000e+08
4.328125000000000000e+08
4.324218750000000000e+08
4.320312500000000000e+08
4.316406250000000000e+08
4.312500000000000000e+08
4.308593750000000000e+08
4.304687500000000000e+08
4.300781250000000000e+08
4.296875000000000000e+08
4.292968750000000000e+08
4.289062500000000000e+08
4.285156250000000000e+08
4.281250000000000000e+08
4.277343750000000000e+08
4.269531250000000000e+08
4.265625000000000000e+08
4.261718750000000000e+08
4.257812500000000000e+08
4.253906250000000000e+08
4.250000000000000000e+08
4.246093750000000000e+08
4.242187500000000000e+08
4.238281250000000000e+08
4.214843750000000000e+08
4.210937500000000000e+08
4.207031250000000000e+08
4.203125000000000000e+08
4.199218750000000000e+08
4.195312500000000000e+08
4.191406250000000000e+08
4.187500000000000000e+08
4.183593750000000000e+08
4.179687500000000000e+08
4.167968750000000000e+08
4.164062500000000000e+08
4.160156250000000000e+08
4.156250000000000000e+08
4.152343750000000000e+08
4.148437500000000000e+08
4.144531250000000000e+08
4.140625000000000000e+08
4.136718750000000000e+08
4.132812500000000000e+08
4.125000000000000000e+08
4.121093750000000000e+08
4.117187500000000000e+08
4.113281250000000000e+08
4.109375000000000000e+08
4.105468750000000000e+08
4.101562500000000000e+08
4.097656250000000000e+08
4.093750000000000000e+08
4.089843750000000000e+08
4.085937500000000000e+08
4.082031250000000000e+08
4.078125000000000000e+08
4.074218750000000000e+08
4.070312500000000000e+08
4.066406250000000000e+08
4.062500000000000000e+08
4.058593750000000000e+08
4.054687500000000000e+08
4.050781250000000000e+08
4.046875000000000000e+08
4.042968750000000000e+08
4.039062500000000000e+08
4.035156250000000000e+08
4.027343750000000000e+08
4.023437500000000000e+08
4.019531250000000000e+08
4.015625000000000000e+08
4.011718750000000000e+08
4.007812500000000000e+08
